Standard M	ixture (a_	"0.005, amax=0.25)"
Silw:0.00	0.53 SiDL:	amC:0.00 SiC:0.00 Grph:0.47 CrSi:0.00
lambda	<s_abs>/<V	<s_sca>/<V>
1.0000E-02	1.3769E+01	1.9157E+01
1.5000E-02	1.4589E+01	2.3583E+01
2.0000E-02	1.4901E+01	2.5151E+01
3.0000E-02	1.5261E+01	2.3956E+01
4.0000E-02	1.4496E+01	2.2268E+01
5.0000E-02	1.5359E+01	2.1547E+01
6.0000E-02	1.7087E+01	2.0772E+01
8.0000E-02	2.1784E+01	2.0645E+01
1.0000E-01	1.8040E+01	1.8658E+01
1.2000E-01	1.2809E+01	1.5590E+01
1.5000E-01	9.7670E+00	1.1364E+01
2.0000E-01	1.4296E+01	1.0921E+01
2.5000E-01	1.1379E+01	1.1175E+01
3.0000E-01	9.0454E+00	9.0697E+00
3.6000E-01	7.6372E+00	7.7447E+00
4.4000E-01	6.2126E+00	6.7297E+00
5.5000E-01	4.6971E+00	5.6176E+00
7.0000E-01	3.3896E+00	4.2829E+00
8.5000E-01	2.5938E+00	3.1166E+00
1.0000E+00	2.1400E+00	2.1834E+00
1.1500E+00	1.8593E+00	1.5411E+00
1.3000E+00	1.6358E+00	1.1040E+00
1.7000E+00	1.1520E+00	4.9538E-01
2.0000E+00	9.0403E-01	2.7523E-01
2.2000E+00	7.6655E-01	1.8932E-01
2.7000E+00	5.3238E-01	8.1306E-02
3.0000E+00	4.4236E-01	5.2308E-02
3.5000E+00	3.3542E-01	2.7438E-02
4.0000E+00	2.6798E-01	1.5732E-02
4.5000E+00	2.1861E-01	9.6516E-03
5.0000E+00	1.8472E-01	6.2362E-03
5.5000E+00	1.5967E-01	4.1994E-03
6.0000E+00	1.4162E-01	2.9218E-03
6.5000E+00	1.2903E-01	2.0881E-03
7.0000E+00	1.2021E-01	1.5257E-03
7.5000E+00	1.1591E-01	1.1335E-03
8.0000E+00	1.1483E-01	8.5006E-04
8.2000E+00	1.1501E-01	7.5837E-04
8.4000E+00	1.1544E-01	6.7719E-04
8.6000E+00	1.1607E-01	6.0406E-04
8.8000E+00	1.1687E-01	5.4672E-04
9.0000E+00	1.1780E-01	5.0344E-04
9.2000E+00	1.1881E-01	4.6818E-04
9.3000E+00	1.1935E-01	4.5506E-04
9.4000E+00	1.1989E-01	4.4710E-04
9.4500E+00	1.2017E-01	4.4416E-04
9.5000E+00	1.2045E-01	4.4183E-04
9.5500E+00	1.2073E-01	4.3798E-04
9.6000E+00	1.2101E-01	4.3444E-04
9.6500E+00	1.2129E-01	4.3025E-04
9.7000E+00	1.2157E-01	4.2637E-04
9.7500E+00	1.2185E-01	4.2442E-04
9.8000E+00	1.2213E-01	4.2299E-04
9.8500E+00	1.2241E-01	4.2378E-04
9.9000E+00	1.2269E-01	4.2515E-04
9.9500E+00	1.2297E-01	4.2476E-04
1.0000E+01	1.2324E-01	4.2455E-04
1.0200E+01	1.2432E-01	4.1117E-04
1.0500E+01	1.2584E-01	3.8341E-04
1.1000E+01	1.2795E-01	3.2347E-04
1.1300E+01	1.2889E-01	2.9413E-04
1.1600E+01	1.2953E-01	2.7067E-04
1.2000E+01	1.2989E-01	2.2865E-04
1.2500E+01	1.2945E-01	1.8744E-04
1.3000E+01	1.2799E-01	1.5365E-04
1.3500E+01	1.2549E-01	1.2796E-04
1.4000E+01	1.2200E-01	1.0855E-04
1.4500E+01	1.1797E-01	9.2965E-05
1.5000E+01	1.1476E-01	7.8426E-05
1.5500E+01	1.1249E-01	6.7621E-05
1.6000E+01	1.1096E-01	5.9681E-05
1.6500E+01	1.1000E-01	5.3989E-05
1.7000E+01	1.0949E-01	5.0064E-05
1.7500E+01	1.0933E-01	4.7287E-05
1.8000E+01	1.0945E-01	4.4827E-05
1.8500E+01	1.0976E-01	4.2132E-05
1.9000E+01	1.1021E-01	3.9000E-05
1.9500E+01	1.1076E-01	3.5693E-05
2.0000E+01	1.1135E-01	3.2443E-05
2.1000E+01	1.1254E-01	2.6628E-05
2.2000E+01	1.1351E-01	2.2055E-05
2.3000E+01	1.1408E-01	1.8533E-05
2.4000E+01	1.1410E-01	1.5693E-05
2.5000E+01	1.1346E-01	1.3395E-05
2.6000E+01	1.1212E-01	1.1557E-05
2.7000E+01	1.1079E-01	1.0084E-05
2.8000E+01	1.1145E-01	8.8735E-06
3.0000E+01	1.1197E-01	7.0486E-06
3.5000E+01	9.3656E-02	4.2466E-06
4.0000E+01	6.7090E-02	2.5787E-06
4.5000E+01	4.7168E-02	1.6071E-06
5.0000E+01	3.4408E-02	1.0446E-06
5.5000E+01	2.6461E-02	7.0667E-07
6.0000E+01	2.1200E-02	4.9473E-07
6.5000E+01	1.7412E-02	3.5674E-07
7.0000E+01	1.4565E-02	2.6381E-07
7.5000E+01	1.2351E-02	1.9938E-07
8.0000E+01	1.0613E-02	1.5352E-07
8.5000E+01	9.2248E-03	1.2015E-07
9.0000E+01	8.1108E-03	9.5348E-08
9.5000E+01	7.1925E-03	7.6638E-08
1.0000E+02	6.4249E-03	6.2307E-08
1.0500E+02	5.7825E-03	5.1177E-08
1.1000E+02	5.2371E-03	4.2427E-08
1.2000E+02	4.3720E-03	2.9887E-08
1.3000E+02	3.7331E-03	2.1662E-08
1.4000E+02	3.2430E-03	1.6087E-08
1.5000E+02	2.8498E-03	1.2201E-08
2.0000E+02	1.6003E-03	3.8581E-09
2.5000E+02	1.0091E-03	1.5790E-09
3.0000E+02	6.9402E-04	7.6095E-10
4.0000E+02	3.8642E-04	2.4057E-10
5.0000E+02	2.4619E-04	9.8492E-11
7.0000E+02	1.2695E-04	2.5629E-11
1.0000E+03	6.1249E-05	6.1522E-12
1.5000E+03	2.7210E-05	1.2151E-12
2.2500E+03	1.2093E-05	2.4000E-13
3.3500E+03	5.4511E-06	4.8836E-14
5.0000E+03	2.4486E-06	9.8409E-15
7.4000E+03	1.1264E-06	2.0511E-15
1.1000E+04	5.3049E-07	4.2009E-16
1.3000E+04	4.1784E-07	2.1535E-16
1.6000E+04	3.1348E-07	9.3849E-17
2.4000E+04	1.8394E-07	1.8538E-17
3.6000E+04	1.1150E-07	3.6618E-18